70672031
2957057
2927891
76103982
20325325
15626054
73865283
2946305
21266460
73526738
15599554
31850573
55832303
70814620
72106556
68690855
71971488
47681948
5623835
9020935
14926380
56240611
4852573
56566309
73294451
16968564
73494784
2924437
75616525
76302476
59392607
75098726
57711391
16707966
40828725
69851125
58793060
72470021
77324352
56240592
76114036
16859058
72923510
77014278
72922387
73886813
74382078
58983694
37736985
21242179
54444545
73251197
56843680
59232182
44581883
5605817
40074045
48156256
70671944
55711660
77873586
36938740
2151963
58983450
56401684
74382064
67437206
13996724
73610675
44581421
76128482
66907818
76178027
73812694
58667420
5681151
2957701
72338545
45349003
57710831
35307700
56565056
46431877
47324090
44582652
15351740
74195561
21305975
16662877
67393597
47324146
46190946
77154531
8976694
72706154
72202486
60881007
9238453
30153628
58902310
55771181
73564811
57710630
65452859
77873981
3455193
44582256
14718863
37177964
4240241
22392307
58981505
57047556
5647795
59252140
58981520
15612277
11504802
23085554
78612981
33060536
19336133
59529451
31875097
74500661
23206915
3439333
77873959
10265726
9077952
73896735
73605502
3442541
51628792
15678523
29021152
73869952
9103619
21290404
10456127
34982779
73353399
13723156
54717922
3755749
10423781
79364181
76114653
51608086
77227075
21266483
74332016
36700453
66906646
73940273
72812812
54716304
15626125
32152242
81535715
9169128
76037989
35304832
3398615
70891692
25004992
14926253
2926523
21877947
68083382
77873988
14665203
21985994
59562477
56786679
54341688
59476481
21784863
15599650
19336460
11849549
15666330
5600207
35304624
31254268
10513148
31253140
72018554
58817699
19595752
57580696
1981285270672031
2957057
2927891
76103982
20325325
15626054
73865283
2946305
21266460
73526738
15599554
31850573
55832303
70814620
72106556
68690855
71971488
47681948
5623835
9020935
14926380
56240611
4852573
56566309
73294451
16968564
73494784
2924437
75616525
76302476
59392607
75098726
57711391
16707966
40828725
69851125
58793060
72470021
77324352
56240592
76114036
16859058
72923510
77014278
72922387
73886813
74382078
58983694
37736985
21242179
54444545
73251197
56843680
59232182
44581883
5605817
40074045
48156256
70671944
55711660
77873586
36938740
2151963
58983450
56401684
74382064
67437206
13996724
73610675
44581421
76128482
66907818
76178027
73812694
58667420
5681151
2957701
72338545
45349003
57710831
35307700
56565056
46431877
47324090
44582652
15351740
74195561
21305975
16662877
67393597
47324146
46190946
77154531
8976694
72706154
72202486
60881007
9238453
30153628
58902310
55771181
73564811
57710630
65452859
77873981
3455193
44582256
14718863
37177964
4240241
22392307
58981505
57047556
5647795
59252140
58981520
15612277
11504802
23085554
78612981
33060536
19336133
59529451
31875097
74500661
23206915
3439333
77873959
10265726
9077952
73896735
73605502
3442541
51628792
15678523
29021152
73869952
9103619
21290404
10456127
34982779
73353399
13723156
54717922
3755749
10423781
79364181
76114653
51608086
77227075
21266483
74332016
36700453
66906646
73940273
72812812
54716304
15626125
32152242
81535715
9169128
76037989
35304832
3398615
70891692
25004992
14926253
2926523
21877947
68083382
77873988
14665203
21985994
59562477
56786679
54341688
59476481
21784863
15599650
19336460
11849549
15666330
5600207
35304624
31254268
10513148
31253140
72018554
58817699
19595752
57580696
19812852